1. Pattern 1

	1 2 3 4 5
	1 2 3 4 5
	1 2 3 4 5
	1 2 3 4 5
	1 2 3 4 5
	
2. Pattern 2

	1 
	1 2 
	1 2 3 
	1 2 3 4 
	1 2 3 4 5 
	
3. Pattern 3

	5 5 5 5 5 
	4 4 4 4 
	3 3 3 
	2 2 
	1 

4. Pattern 4

	   	1 
	   1 2 
	  1 2 3 
	 1 2 3 4 
	1 2 3 4 5 
	
5. Pattern 5

	1 
	2 3 
	4 5 6 
	7 8 9 10 
	11 12 13 14 15 
	
6. Pattern 6

	1 
	1 0 
	1 0 1 
	1 0 1 0 
	1 0 1 0 1 
	
7. Pattern 7

	1 
	1 2 
	1 2 3 
	1 2 3 4 
	1 2 3 4 5 
	1 2 3 4 
	1 2 3 
	1 2 
	1 
	
8. Pattern 8

	1 2 3 4 5 
	1 2 3 4 
	1 2 3 
	1 2 
	1 
	1 
	1 2 
	1 2 3 
	1 2 3 4 
	1 2 3 4 5 
	
9. Pattern 9(Pascal_Triangle)

	    1 
	   1 1 
	  1 2 1 
	 1 3 3 1 
	1 4 6 4 1 
	
10. Pattern 10(Fibonacci_Right_Angle_Triangle)

	0 
	0 1 
	0 1 1 
	0 1 1 2 
	0 1 1 2 3 
	0 1 1 2 3 5 
	0 1 1 2 3 5 8 
	0 1 1 2 3 5 8 13 
	0 1 1 2 3 5 8 13 21 
	0 1 1 2 3 5 8 13 21 34 


